,id;Прибыль
215348;0,98.0
215349;4,16.0
215350;3,13.0
215351;4,87.0
215352;4,21.0
215353;3,95.0
215354;3,62.0
215355;5,26.0
215356;4,93.0
215357;4,66.0
215358;3,6.0
215359;5,8.0
215360;4,55.0
215361;4,3.0
215362;3,49.0
215363;1,83.0
215364;2,67.0
215365;3,65.0
215366;2,95.0
215367;3,3.0
215368;6,27.0
215369;3,86.0
215370;2,82.0
215371;1,4.0
215372;1,63.0
215373;3,69.0
215374;4,8.0
215375;4,18.0
215376;4,26.0
215377;4,27.0
215378;3,3.0
215379;4,42.0
215380;3,88.0
215381;3,62.0
215382;2,42.0
215383;4,27.0
215384;4,78.0
215385;4,85.0
215386;4,5.0
215387;3,48.0
215388;5,16.0
215389;4,6.0
215390;5,7.0
215391;5,44.0
215392;4,1.0
215393;2,93.0
215394;3,9.0
215395;3,28.0
215396;5,9.0
215397;3,19.0
215398;4,77.0
215399;5,1.0
215400;6,73.0
215401;7,43.0
215402;4,28.0
215403;3,73.0
215404;3,38.0
215405;3,47.0
215406;5,
215407;2,2.0
215408;3,68.0
215409;2,68.0
215410;4,46.0
215411;2,41.0
215412;1,63.0
215413;5,4.0
215414;3,4.0
215415;3,4.0
215416;4,22.0
215417;4,5.0
215418;4,98.0
215419;4,6.0
215420;3,96.0
215421;3,18.0
215422;4,65.0
215423;3,92.0
215424;3,89.0
215425;5,64.0
215426;4,66.0
215427;2,76.0
215428;4,25.0
215429;3,71.0
215430;4,63.0
215431;4,28.0
215432;4,18.0
215433;3,65.0
215434;2,97.0
215435;3,24.0
215436;3,81.0
215437;4,85.0
215438;4,4.0
215439;6,33.0
215440;4,68.0
215441;3,6.0
215442;3,4.0
215443;4,41.0
215444;3,98.0
215445;2,47.0
215446;4,52.0
215447;4,1.0
215448;2,95.0
215449;5,64.0
215450;2,93.0
215451;5,31.0
215452;4,5.0
215453;3,48.0
215454;3,81.0
215455;2,53.0
215456;5,83.0
215457;4,48.0
215458;2,98.0
215459;5,16.0
215460;4,92.0
215461;4,21.0
215462;3,13.0
215463;3,8.0
215464;4,9.0
215465;3,94.0
215466;2,99.0
215467;4,1.0
215468;4,62.0
215469;3,76.0
215470;3,42.0
215471;4,17.0
215472;4,47.0
215473;4,69.0
215474;4,59.0
215475;3,94.0
215476;2,84.0
215477;3,66.0
215478;4,97.0
215479;2,19.0
215480;4,4.0
215481;4,42.0
215482;3,81.0
215483;2,74.0
215484;5,64.0
215485;5,41.0
215486;4,12.0
215487;3,6.0
215488;3,93.0
215489;3,68.0
215490;5,2.0
215491;3,52.0
215492;3,89.0
215493;3,39.0
215494;6,12.0
215495;3,47.0
215496;4,64.0
215497;4,17.0
215498;3,14.0
215499;4,71.0
215500;4,99.0
215501;3,74.0
215502;4,
215503;5,23.0
215504;2,8.0
215505;6,55.0
215506;4,18.0
215507;2,36.0
215508;4,8.0
215509;3,14.0
215510;5,1.0
215511;4,32.0
215512;4,41.0
215513;3,15.0
215514;5,
215515;2,84.0
215516;2,77.0
215517;4,65.0
215518;3,52.0
215519;5,56.0
215520;3,44.0
215521;3,58.0
215522;2,92.0
215523;4,62.0
215524;4,97.0
215525;4,55.0
215526;4,25.0
215527;4,67.0
215528;3,33.0
215529;2,94.0
215530;1,6.0
215531;2,45.0
215532;4,86.0
215533;5,5.0
215534;3,2.0
215535;2,8.0
215536;4,13.0
215537;1,81.0
215538;2,79.0
215539;3,89.0
215540;4,68.0
215541;4,48.0
215542;4,11.0
215543;2,55.0
215544;3,84.0
215545;3,17.0
215546;4,51.0
215547;3,45.0
215548;3,84.0
215549;3,27.0
215550;4,2.0
215551;4,8.0
215552;4,33.0
215553;3,1.0
215554;4,1.0
215555;5,79.0
215556;4,51.0
215557;5,44.0
215558;3,12.0
215559;3,58.0
215560;3,8.0
215561;6,59.0
215562;3,89.0
215563;6,88.0
215564;2,7.0
215565;4,32.0
215566;2,69.0
215567;3,84.0
215568;5,49.0
215569;2,34.0
215570;5,25.0
215571;3,45.0
215572;3,25.0
215573;4,74.0
215574;3,77.0
215575;3,17.0
215576;4,33.0
215577;4,26.0
215578;3,88.0
215579;3,92.0
215580;4,25.0
215581;4,34.0
215582;5,6.0
215583;4,95.0
215584;4,32.0
215585;4,59.0
215586;4,17.0
215587;3,68.0
215588;3,1.0
215589;4,64.0
215590;4,14.0
215591;5,31.0
215592;3,3.0
215593;3,12.0
215594;4,27.0
215595;4,52.0
215596;4,21.0
215597;3,62.0
215598;3,99.0
215599;2,6.0
215600;4,65.0
215601;4,28.0
215602;4,31.0
215603;4,5.0
215604;4,86.0
215605;2,96.0
215606;4,19.0
215607;5,12.0
215608;5,35.0
215609;4,29.0
215610;4,61.0
215611;2,29.0
215612;4,43.0
215613;5,99.0
215614;3,52.0
215615;4,17.0
215616;3,49.0
215617;3,6.0
215618;2,77.0
215619;5,12.0
215620;5,4.0
215621;4,66.0
215622;2,98.0
215623;3,55.0
215624;2,59.0
215625;2,57.0
215626;4,36.0
215627;4,92.0
215628;4,11.0
215629;3,87.0
215630;3,77.0
215631;3,47.0
215632;3,91.0
215633;4,
215634;2,97.0
215635;3,54.0
215636;4,64.0
215637;3,52.0
215638;4,94.0
215639;5,74.0
215640;5,14.0
215641;4,6.0
215642;3,48.0
215643;5,59.0
215644;2,86.0
215645;2,49.0
215646;4,79.0
215647;4,6.0
215648;4,28.0
215649;5,71.0
215650;2,54.0
215651;5,15.0
215652;4,4.0
215653;3,54.0
215654;2,75.0
215655;4,1.0
215656;3,25.0
215657;3,45.0
215658;5,4.0
215659;4,13.0
215660;4,42.0
215661;2,8.0
215662;3,98.0
215663;3,69.0
215664;3,99.0
215665;4,82.0
215666;4,2.0
215667;3,7.0
215668;4,49.0
215669;4,8.0
215670;4,27.0
215671;3,73.0
215672;1,48.0
215673;4,55.0
215674;2,72.0
215675;4,31.0
215676;5,1.0
215677;3,98.0
215678;4,67.0
215679;3,99.0
215680;3,69.0
215681;4,79.0
215682;4,13.0
215683;3,63.0
215684;5,7.0
215685;4,33.0
215686;3,7.0
215687;3,68.0
215688;2,88.0
215689;4,65.0
215690;5,66.0
215691;4,28.0
215692;2,9.0
215693;3,56.0
215694;2,41.0
215695;4,36.0
215696;2,88.0
215697;5,2.0
215698;5,1.0
215699;4,25.0
215700;4,59.0
215701;5,5.0
215702;1,82.0
215703;2,86.0
215704;4,55.0
215705;4,3.0
215706;3,22.0
215707;2,49.0
215708;3,4.0
215709;4,32.0
215710;3,59.0
215711;3,53.0
215712;3,66.0
215713;4,42.0
215714;4,85.0
215715;4,87.0
215716;4,7.0
215717;4,28.0
215718;4,84.0
215719;5,28.0
215720;2,94.0
215721;4,33.0
215722;3,75.0
215723;3,34.0
215724;2,9.0
215725;5,6.0
215726;2,5.0
215727;3,82.0
215728;4,18.0
215729;3,48.0
215730;4,12.0
215731;3,25.0
215732;3,51.0
215733;2,78.0
215734;4,87.0
215735;2,9.0
215736;3,43.0
215737;4,8.0
215738;5,25.0
215739;4,81.0
215740;4,66.0
215741;4,29.0
215742;3,64.0
215743;5,7.0
215744;3,26.0
215745;5,1.0
215746;3,26.0
215747;3,32.0
215748;4,11.0
215749;6,17.0
215750;2,39.0
215751;2,6.0
215752;4,6.0
215753;3,82.0
215754;2,69.0
215755;3,35.0
215756;5,23.0
215757;3,27.0
215758;2,95.0
215759;2,85.0
215760;5,49.0
215761;2,6.0
215762;2,33.0
215763;2,43.0
215764;3,58.0
215765;5,37.0
215766;3,74.0
215767;3,83.0
215768;5,61.0
215769;4,98.0
215770;4,9.0
215771;5,
215772;4,51.0
215773;3,74.0
215774;3,35.0
215775;1,38.0
215776;4,6.0
215777;5,69.0
215778;3,74.0
215779;3,3.0
215780;4,22.0
215781;3,34.0
215782;4,48.0
215783;5,6.0
215784;3,84.0
215785;5,23.0
215786;1,55.0
215787;5,56.0
215788;4,26.0
215789;4,79.0
215790;4,19.0
215791;2,93.0
215792;3,24.0
215793;3,7.0
215794;1,37.0
215795;3,79.0
215796;2,61.0
215797;4,41.0
215798;5,6.0
215799;2,48.0
215800;4,88.0
215801;4,42.0
215802;4,5.0
215803;4,85.0
215804;4,8.0
215805;4,48.0
215806;2,93.0
215807;4,49.0
215808;4,61.0
215809;4,76.0
215810;2,13.0
215811;5,12.0
215812;4,37.0
215813;4,54.0
215814;2,63.0
215815;4,13.0
215816;5,62.0
215817;2,43.0
215818;3,4.0
215819;2,94.0
215820;6,9.0
215821;4,31.0
215822;3,45.0
215823;5,42.0
215824;3,66.0
215825;4,51.0
215826;3,22.0
215827;2,99.0
215828;3,3.0
215829;4,5.0
215830;5,29.0
215831;2,75.0
215832;5,3.0
215833;3,85.0
215834;2,6.0
215835;4,78.0
215836;3,5.0
215837;5,95.0
215838;4,76.0
215839;5,13.0
215840;3,2.0
215841;3,89.0
215842;1,33.0
215843;4,68.0
215844;2,79.0
215845;3,76.0
215846;3,51.0
215847;6,44.0
215848;2,23.0
215849;3,33.0
215850;3,12.0
215851;3,32.0
215852;2,98.0
215853;4,31.0
215854;5,2.0
215855;5,55.0
215856;3,14.0
215857;4,77.0
215858;4,37.0
215859;4,4.0
215860;5,34.0
215861;3,89.0
215862;5,41.0
215863;4,42.0
215864;2,97.0
215865;4,35.0
215866;4,18.0
215867;3,8.0
215868;5,58.0
215869;4,1.0
215870;4,2.0
215871;4,9.0
215872;3,34.0
215873;3,74.0
215874;3,62.0
215875;2,21.0
215876;4,82.0
215877;3,15.0
215878;2,53.0
215879;3,72.0
215880;4,23.0
215881;2,53.0
215882;3,15.0
215883;2,99.0
215884;4,37.0
215885;3,89.0
215886;4,26.0
215887;4,52.0
215888;3,85.0
215889;4,48.0
215890;3,74.0
215891;4,98.0
215892;4,23.0
215893;3,16.0
215894;5,64.0
215895;5,16.0
215896;3,73.0
215897;6,24.0
215898;3,1.0
215899;5,26.0
215900;4,19.0
215901;3,85.0
215902;4,32.0
215903;4,55.0
215904;2,35.0
215905;3,43.0
215906;3,36.0
215907;3,77.0
215908;5,26.0
215909;4,55.0
215910;4,61.0
215911;5,26.0
215912;3,73.0
215913;3,74.0
215914;5,3.0
215915;3,5.0
215916;3,72.0
215917;4,18.0
215918;3,62.0
215919;4,62.0
215920;4,66.0
215921;4,63.0
215922;4,64.0
215923;2,92.0
215924;3,16.0
215925;3,4.0
215926;4,47.0
215927;5,35.0
215928;3,66.0
215929;4,4.0
215930;2,77.0
215931;5,33.0
215932;3,17.0
215933;4,5.0
215934;4,4.0
215935;3,85.0
215936;4,49.0
215937;2,66.0
215938;2,59.0
215939;2,57.0
215940;2,9.0
215941;3,63.0
215942;3,5.0
215943;4,52.0
215944;2,93.0
215945;3,73.0
215946;2,51.0
215947;4,46.0
215948;4,6.0
215949;3,15.0
215950;4,51.0
215951;4,29.0
215952;4,4.0
215953;4,11.0
215954;2,71.0
215955;4,11.0
215956;2,35.0
215957;5,95.0
215958;3,91.0
215959;5,88.0
215960;4,61.0
215961;4,8.0
215962;4,47.0
215963;4,5.0
215964;3,67.0
215965;3,72.0
215966;2,35.0
215967;4,88.0
215968;3,4.0
215969;2,45.0
215970;3,51.0
215971;4,79.0
215972;3,2.0
215973;3,54.0
215974;3,96.0
215975;1,64.0
215976;3,85.0
215977;4,2.0
215978;4,27.0
215979;4,7.0
215980;3,75.0
215981;3,61.0
215982;5,1.0
215983;5,57.0
215984;4,31.0
215985;6,78.0
215986;2,39.0
215987;4,16.0
215988;5,1.0
215989;3,71.0
215990;3,49.0
215991;3,43.0
215992;2,7.0
215993;4,29.0
215994;3,72.0
215995;1,92.0
215996;2,13.0
215997;3,89.0
215998;5,7.0
215999;5,53.0
216000;3,75.0
216001;4,6.0
216002;4,28.0
216003;4,87.0
216004;5,15.0
216005;4,21.0
216006;4,24.0
216007;2,59.0
216008;4,82.0
216009;3,91.0
216010;4,23.0
216011;4,23.0
216012;4,17.0
216013;4,9.0
216014;4,45.0
216015;3,6.0
216016;1,68.0
216017;3,38.0
216018;3,59.0
216019;3,27.0
216020;4,74.0
216021;3,67.0
216022;5,13.0
216023;2,81.0
216024;4,6.0
216025;4,33.0
216026;5,25.0
216027;3,1.0
216028;4,9.0
216029;5,29.0
216030;4,77.0
216031;5,81.0
216032;3,15.0
216033;5,29.0
216034;4,83.0
216035;5,68.0
216036;5,3.0
216037;5,23.0
216038;4,33.0
216039;3,11.0
216040;4,3.0
216041;3,37.0
216042;3,33.0
216043;4,62.0
216044;4,8.0
216045;3,5.0
216046;4,56.0
216047;3,95.0
216048;2,6.0
216049;4,87.0
216050;5,6.0
216051;2,85.0
216052;3,5.0
216053;4,18.0
216054;3,93.0
216055;4,71.0
216056;3,13.0
216057;4,61.0
216058;6,58.0
216059;1,84.0
216060;4,38.0
216061;4,5.0
216062;3,6.0
216063;2,54.0
216064;3,4.0
216065;4,46.0
216066;4,99.0
216067;4,14.0
216068;3,67.0
216069;4,77.0
216070;3,27.0
216071;4,35.0
216072;3,27.0
216073;3,17.0
216074;5,9.0
216075;3,42.0
216076;2,
216077;4,74.0
216078;2,97.0
216079;2,33.0
216080;1,64.0
216081;3,61.0
216082;4,37.0
216083;3,6.0
216084;3,78.0
216085;3,79.0
216086;2,66.0
216087;4,11.0
216088;4,52.0
216089;3,58.0
216090;4,41.0
216091;5,16.0
216092;4,9.0
216093;4,18.0
216094;2,39.0
216095;3,91.0
216096;3,36.0
216097;3,82.0
216098;5,1.0
216099;3,97.0
216100;2,64.0
216101;4,17.0
216102;4,55.0
216103;4,77.0
216104;5,1.0
216105;5,4.0
216106;3,46.0
216107;5,1.0
216108;4,37.0
216109;4,66.0
216110;4,95.0
216111;4,72.0
216112;5,14.0
216113;5,33.0
216114;5,36.0
216115;4,6.0
216116;3,85.0
216117;2,76.0
216118;3,63.0
216119;4,93.0
216120;3,82.0
216121;3,5.0
216122;0,86.0
216123;4,41.0
216124;4,75.0
216125;2,48.0
216126;2,66.0
216127;3,71.0
216128;4,48.0
216129;4,87.0
216130;2,98.0
216131;2,93.0
216132;2,34.0
216133;3,6.0
216134;1,92.0
216135;6,2.0
216136;4,38.0
216137;2,39.0
216138;5,37.0
216139;4,35.0
216140;3,83.0
216141;1,97.0
216142;3,3.0
216143;3,73.0
216144;4,4.0
216145;4,78.0
216146;2,
216147;4,94.0
216148;2,91.0
216149;4,34.0
216150;4,13.0
216151;6,13.0
216152;3,91.0
216153;3,21.0
216154;3,48.0
216155;4,78.0
216156;3,59.0
216157;3,95.0
216158;4,27.0
216159;2,73.0
216160;6,16.0
216161;4,69.0
216162;2,97.0
216163;3,89.0
216164;4,56.0
216165;7,2.0
216166;4,76.0
216167;4,36.0
216168;4,31.0
216169;5,61.0
216170;4,49.0
216171;3,45.0
216172;4,17.0
216173;3,45.0
216174;4,12.0
216175;4,56.0
216176;3,31.0
216177;4,12.0
216178;3,98.0
216179;5,67.0
216180;4,44.0
216181;4,72.0
216182;4,31.0
216183;3,86.0
216184;4,84.0
216185;4,66.0
216186;6,29.0
216187;3,17.0
216188;4,33.0
216189;5,34.0
216190;4,23.0
216191;5,39.0
216192;4,1.0
216193;3,97.0
216194;3,87.0
216195;5,22.0
216196;5,56.0
216197;3,1.0
216198;3,33.0
216199;3,17.0
216200;4,61.0
216201;5,56.0
216202;4,32.0
216203;2,26.0
216204;4,36.0
216205;2,18.0
216206;4,14.0
216207;4,11.0
216208;3,87.0
216209;2,46.0
216210;6,65.0
216211;2,86.0
216212;4,26.0
216213;2,36.0
216214;3,6.0
216215;4,41.0
216216;3,57.0
216217;3,52.0
216218;4,4.0
216219;3,77.0
216220;3,82.0
216221;3,23.0
216222;4,46.0
216223;3,3.0
216224;3,99.0
216225;4,2.0
216226;4,85.0
216227;3,84.0
216228;1,39.0
216229;3,59.0
216230;3,68.0
216231;2,87.0
216232;4,94.0
216233;4,62.0
216234;5,23.0
216235;4,37.0
216236;4,39.0
216237;4,4.0
216238;4,62.0
216239;4,63.0
216240;5,72.0
216241;3,91.0
216242;3,65.0
216243;2,79.0
216244;5,31.0
216245;4,92.0
216246;3,89.0
216247;2,77.0
216248;5,12.0
216249;4,71.0
216250;2,24.0
216251;3,79.0
216252;5,52.0
216253;2,51.0
216254;3,3.0
216255;3,2.0
216256;2,81.0
216257;4,23.0
216258;2,82.0
216259;4,3.0
216260;4,2.0
216261;4,5.0
216262;4,62.0
216263;5,38.0
216264;4,44.0
216265;3,47.0
216266;4,87.0
216267;3,69.0
216268;6,81.0
216269;4,75.0
216270;3,17.0
216271;3,5.0
216272;3,72.0
216273;3,9.0
216274;4,2.0
216275;3,14.0
216276;5,75.0
216277;3,12.0
216278;3,7.0
216279;3,49.0
216280;2,83.0
216281;3,15.0
216282;2,32.0
216283;4,74.0
216284;4,71.0
216285;5,18.0
216286;1,8.0
216287;3,87.0
216288;3,81.0
216289;4,85.0
216290;3,9.0
216291;3,99.0
216292;4,67.0
216293;3,29.0
216294;4,15.0
216295;2,68.0
216296;5,42.0
216297;5,25.0
216298;5,7.0
216299;2,44.0
216300;3,98.0
216301;4,34.0
216302;4,67.0
216303;4,69.0
216304;3,34.0
216305;5,34.0
216306;4,81.0
216307;3,16.0
216308;4,13.0
216309;2,37.0
216310;4,6.0
216311;4,81.0
216312;4,54.0
216313;2,2.0
216314;4,62.0
216315;4,13.0
216316;5,37.0
216317;5,15.0
216318;4,83.0
216319;3,49.0
216320;3,73.0
216321;3,95.0
216322;2,38.0
216323;4,39.0
216324;0,86.0
216325;4,73.0
216326;4,69.0
216327;3,23.0
216328;2,98.0
216329;2,42.0
216330;4,44.0
216331;2,16.0
216332;3,6.0
216333;4,52.0
216334;4,84.0
216335;3,84.0
216336;6,9.0
216337;4,35.0
216338;3,46.0
216339;3,94.0
216340;5,15.0
216341;2,59.0
216342;2,72.0
216343;2,93.0
216344;2,93.0
216345;5,39.0
216346;3,5.0
216347;3,68.0
216348;4,89.0
216349;2,32.0
216350;4,89.0
216351;3,29.0
216352;5,27.0
216353;3,35.0
216354;3,39.0
216355;3,19.0
216356;3,26.0
216357;5,2.0
216358;5,15.0
216359;5,21.0
216360;5,1.0
216361;4,28.0
216362;2,26.0
216363;3,6.0
216364;3,1.0
216365;3,63.0
216366;3,87.0
216367;3,1.0
216368;5,25.0
216369;4,31.0
216370;4,12.0
216371;5,35.0
216372;4,6.0
216373;4,61.0
216374;7,21.0
216375;5,87.0
216376;5,11.0
216377;5,
216378;2,95.0
216379;3,68.0
216380;3,43.0
216381;3,5.0
216382;5,94.0
216383;4,65.0
216384;4,57.0
216385;2,13.0
216386;4,37.0
216387;4,89.0
216388;4,63.0
216389;4,91.0
216390;2,85.0
216391;4,58.0
216392;3,68.0
216393;4,38.0
216394;5,37.0
216395;5,22.0
216396;2,15.0
216397;4,75.0
216398;3,87.0
216399;1,57.0
216400;3,26.0
216401;3,79.0
216402;2,99.0
216403;5,4.0
216404;4,
216405;3,3.0
216406;4,69.0
216407;5,32.0
216408;3,21.0
216409;2,15.0
216410;4,74.0
216411;3,26.0
216412;4,14.0
216413;4,86.0
216414;5,5.0
216415;3,56.0
216416;4,1.0
216417;6,4.0
216418;5,12.0
216419;4,38.0
216420;3,25.0
216421;4,89.0
216422;3,67.0
216423;3,66.0
216424;2,19.0
216425;4,15.0
216426;3,74.0
216427;2,82.0
216428;3,55.0
216429;5,28.0
216430;3,16.0
216431;5,56.0
216432;2,85.0
216433;5,3.0
216434;5,25.0
216435;3,86.0
216436;3,23.0
216437;4,34.0
216438;4,15.0
216439;4,32.0
216440;3,81.0
216441;1,87.0
216442;5,1.0
216443;2,92.0
216444;3,38.0
216445;3,45.0
216446;4,47.0
216447;4,15.0
216448;5,74.0
216449;4,27.0
216450;4,8.0
216451;3,81.0
216452;4,91.0
216453;4,64.0
216454;2,9.0
216455;4,4.0
216456;1,95.0
216457;1,54.0
216458;4,67.0
216459;3,57.0
216460;5,29.0
216461;3,91.0
216462;4,73.0
216463;2,36.0
216464;4,33.0
216465;2,3.0
216466;4,47.0
216467;5,87.0
216468;4,
216469;4,54.0
216470;3,37.0
216471;4,92.0
216472;4,38.0
216473;4,25.0
216474;3,37.0
216475;5,1.0
216476;3,9.0
216477;4,67.0
216478;3,62.0
216479;1,82.0
216480;3,94.0
216481;4,32.0
216482;3,76.0
216483;3,7.0
216484;2,8.0
216485;3,44.0
216486;4,25.0
216487;5,19.0
216488;3,83.0
216489;5,49.0
216490;3,7.0
216491;4,8.0
216492;1,68.0
216493;5,95.0
216494;5,1.0
216495;3,84.0
216496;4,52.0
216497;3,57.0
216498;4,26.0
216499;4,
216500;4,15.0
216501;2,24.0
216502;3,69.0
216503;3,27.0
216504;5,53.0
216505;5,8.0
216506;5,8.0
216507;4,28.0
216508;4,21.0
216509;2,57.0
216510;3,76.0
216511;3,49.0
216512;4,
216513;2,6.0
216514;5,15.0
216515;3,49.0
216516;4,78.0
216517;5,5.0
216518;4,22.0
216519;3,21.0
216520;3,42.0
216521;4,15.0
216522;5,15.0
216523;3,33.0
216524;3,48.0
216525;4,6.0
216526;5,11.0
216527;3,26.0
216528;3,12.0
216529;3,87.0
216530;5,23.0
216531;4,19.0
216532;2,1.0
216533;6,59.0
216534;2,44.0
216535;4,3.0
216536;3,35.0
216537;3,5.0
216538;2,81.0
216539;3,27.0
216540;3,99.0
216541;5,75.0
216542;2,35.0
216543;2,59.0
216544;3,58.0
216545;3,42.0
216546;4,4.0
216547;3,98.0
216548;3,78.0
216549;5,44.0
216550;4,26.0
216551;3,45.0
216552;3,94.0
216553;3,75.0
216554;5,66.0
216555;4,12.0
216556;4,97.0
216557;4,82.0
216558;4,85.0
216559;4,23.0
216560;5,13.0
216561;3,53.0
216562;5,55.0
216563;3,38.0
216564;5,58.0
216565;4,58.0
216566;2,86.0
216567;4,76.0
216568;3,93.0
216569;3,7.0
216570;2,7.0
216571;2,27.0
216572;3,89.0
216573;5,9.0
216574;2,9.0
216575;1,82.0
216576;3,2.0
216577;4,91.0
216578;4,83.0
216579;4,77.0
216580;4,41.0
216581;3,47.0
216582;4,78.0
216583;5,42.0
216584;5,
216585;3,3.0
216586;4,
216587;2,
216588;2,57.0
216589;2,13.0
216590;3,63.0
216591;4,57.0
216592;3,77.0
216593;3,9.0
216594;3,47.0
216595;3,9.0
216596;4,66.0
216597;2,9.0
216598;2,43.0
216599;4,6.0
216600;3,64.0
216601;4,87.0
216602;3,
216603;5,28.0
216604;2,88.0
216605;2,11.0
216606;3,9.0
216607;4,91.0
216608;3,32.0
216609;4,18.0
216610;3,61.0
216611;4,1.0
216612;4,43.0
216613;5,13.0
216614;5,49.0
216615;5,6.0
216616;2,75.0
216617;2,98.0
216618;4,15.0
216619;4,84.0
216620;5,25.0
216621;2,54.0
216622;5,14.0
216623;4,92.0
216624;3,72.0
216625;4,12.0
216626;4,45.0
216627;3,88.0
216628;3,42.0
216629;5,64.0
216630;6,1.0
216631;4,61.0
216632;4,24.0
216633;3,39.0
216634;2,88.0
216635;3,15.0
216636;4,25.0
216637;3,97.0
216638;3,63.0
216639;3,26.0
216640;3,95.0
216641;4,5.0
216642;5,63.0
216643;4,44.0
216644;6,11.0
216645;3,29.0
216646;4,3.0
216647;3,28.0
